{
    "cluster_id": 0,
    "size": 1543,
    "method": "distribution_fitting",
    "successful_fits": 14,
    "dimensions_analyzed": 18,
    "dimensions": [
        {
            "dimension": 3,
            "distribution": {
                "name": "gamma",
                "parameters": {
                    "0": 0.08140160152474887,
                    "1": -0.024413403314495603,
                    "2": 200.16580786963692
                },
                "rss": 0.012455202046015183,
                "scaled_rss": 0.009612749947537063,
                "quality": "good"
            },
            "summary_stats": {
                "mean": 0.006305183375498989,
                "std": 1.1382864492605547,
                "variance": 1.2956960405702134,
                "variance_percentile": 96.66666666666667
            }
        },
        {
            "dimension": 10,
            "distribution": {
                "name": "dweibull",
                "parameters": {
                    "0": 0.17428893707057025,
                    "1": -0.022139879260550804,
                    "2": 0.0015172536137487693
                },
                "rss": 0.020663839693963588,
                "scaled_rss": 0.015944841005388875,
                "quality": "good"
            },
            "summary_stats": {
                "mean": 0.006756677761688696,
                "std": 1.1384013851259642,
                "variance": 1.2959577136566984,
                "variance_percentile": 100.0
            }
        },
        {
            "dimension": 11,
            "distribution": {
                "name": "dweibull",
                "parameters": {
                    "0": 0.32615436365856953,
                    "1": -0.04815823457618282,
                    "2": 0.366782594531718
                },
                "rss": 0.028751859424749157,
                "scaled_rss": 0.07294555494720424,
                "quality": "good"
            },
            "summary_stats": {
                "mean": -0.02411230718810125,
                "std": 0.6278176946984145,
                "variance": 0.394155057776413,
                "variance_percentile": 80.0
            }
        },
        {
            "dimension": 12,
            "distribution": {
                "name": "genextreme",
                "parameters": {
                    "0": 0.08706905010671263,
                    "1": -0.4049226749064334,
                    "2": 2.2374839324633626
                },
                "rss": 0.00941677090372208,
                "scaled_rss": 0.01623273268451697,
                "quality": "good"
            },
            "summary_stats": {
                "mean": 0.012248038937192708,
                "std": 0.7616495396975862,
                "variance": 0.5801100213215553,
                "variance_percentile": 83.33333333333334
            }
        },
        {
            "dimension": 13,
            "distribution": {
                "name": "gamma",
                "parameters": {
                    "0": 0.19304204552282156,
                    "1": -0.6230105271110732,
                    "2": 59.790934276675415
                },
                "rss": 0.39488597517030744,
                "scaled_rss": 7.678170985130694,
                "quality": "good"
            },
            "summary_stats": {
                "mean": 0.0047335297852589995,
                "std": 0.2267811562236255,
                "variance": 0.05142969281812505,
                "variance_percentile": 63.333333333333336
            }
        },
        {
            "dimension": 14,
            "distribution": {
                "name": "genextreme",
                "parameters": {
                    "0": 0.15414584797829828,
                    "1": -0.14894920235015746,
                    "2": 0.7489634046446866
                },
                "rss": 0.10153998789357994,
                "scaled_rss": 2.1170428670155887,
                "quality": "good"
            },
            "summary_stats": {
                "mean": -0.01148313840315712,
                "std": 0.21900484748155694,
                "variance": 0.047963123220421164,
                "variance_percentile": 60.0
            }
        },
        {
            "dimension": 15,
            "distribution": {
                "name": "gamma",
                "parameters": {
                    "0": 0.20835242273028495,
                    "1": -1.1278814931990475,
                    "2": 67.38613593770965
                },
                "rss": 0.12834585066816337,
                "scaled_rss": 0.9398796370960332,
                "quality": "good"
            },
            "summary_stats": {
                "mean": 0.02751807627090327,
                "std": 0.36953433448239315,
                "variance": 0.13655562436134955,
                "variance_percentile": 70.0
            }
        },
        {
            "dimension": 16,
            "distribution": {
                "name": "uniform",
                "parameters": {
                    "0": -0.7408070855431009,
                    "1": 37.892534706433466
                },
                "rss": 0.029264470580447535,
                "scaled_rss": 0.0318765068991343,
                "quality": "good"
            },
            "summary_stats": {
                "mean": 0.030815374016917012,
                "std": 0.9581532426486474,
                "variance": 0.9180576363980862,
                "variance_percentile": 90.0
            }
        },
        {
            "dimension": 17,
            "distribution": {
                "name": "genextreme",
                "parameters": {
                    "0": -0.01786444108580363,
                    "1": -0.0458112378528136,
                    "2": 0.11535364093322055
                },
                "rss": 0.014821197558926748,
                "scaled_rss": 0.011469215993868732,
                "quality": "good"
            },
            "summary_stats": {
                "mean": 0.006508567656223382,
                "std": 1.1367757022393297,
                "variance": 1.292258997201704,
                "variance_percentile": 93.33333333333334
            }
        },
        {
            "dimension": 19,
            "distribution": {
                "name": "expon",
                "parameters": {
                    "0": -5.251830101469021,
                    "1": 5.305463674518981
                },
                "rss": 0.05364012798096886,
                "scaled_rss": 0.1521409193056441,
                "quality": "good"
            },
            "summary_stats": {
                "mean": 0.05363357304995971,
                "std": 0.5937749675795608,
                "variance": 0.3525687121241016,
                "variance_percentile": 76.66666666666667
            }
        },
        {
            "dimension": 21,
            "distribution": {
                "name": "genextreme",
                "parameters": {
                    "0": 0.17584325901085607,
                    "1": -0.07295146579687053,
                    "2": 0.4923815591019121
                },
                "rss": 0.1817005290275929,
                "scaled_rss": 3.448990560204526,
                "quality": "good"
            },
            "summary_stats": {
                "mean": 0.03146373494018323,
                "std": 0.2295261082503353,
                "variance": 0.05268223436854437,
                "variance_percentile": 66.66666666666667
            }
        },
        {
            "dimension": 23,
            "distribution": {
                "name": "genextreme",
                "parameters": {
                    "0": 0.0984879822438279,
                    "1": -0.0828493196139667,
                    "2": 0.33416242319186795
                },
                "rss": 0.34734514184320625,
                "scaled_rss": 7.925960241807797,
                "quality": "good"
            },
            "summary_stats": {
                "mean": -0.001218418549420716,
                "std": 0.20934118091571818,
                "variance": 0.043823730027187376,
                "variance_percentile": 53.333333333333336
            }
        },
        {
            "dimension": 28,
            "distribution": {
                "name": "dweibull",
                "parameters": {
                    "0": 0.23428730468796602,
                    "1": -0.02733799346045177,
                    "2": 0.04472287157172997
                },
                "rss": 0.10228116140785837,
                "scaled_rss": 0.45164126082846623,
                "quality": "good"
            },
            "summary_stats": {
                "mean": -0.005599940489971399,
                "std": 0.475883908492543,
                "variance": 0.22646549436214314,
                "variance_percentile": 73.33333333333334
            }
        },
        {
            "dimension": 29,
            "distribution": {
                "name": "dweibull",
                "parameters": {
                    "0": 0.2855689906467556,
                    "1": -0.007434865472600296,
                    "2": 0.39341037608000956
                },
                "rss": 0.015402358108696976,
                "scaled_rss": 0.01726821192352765,
                "quality": "good"
            },
            "summary_stats": {
                "mean": 0.01964840290628294,
                "std": 0.9444303246734468,
                "variance": 0.8919486381627943,
                "variance_percentile": 86.66666666666667
            }
        }
    ],
    "geometric_properties": {
        "centroid": [
            -0.17672680484612116,
            -0.020559067980905836,
            -0.015040308721468052,
            0.006305183375498637,
            0.0447153931179361,
            -0.05460315441001197,
            -0.03598896651591124,
            0.0737219051527774,
            -0.051484407910637756,
            -0.011051161543461533,
            0.006756677761688689,
            -0.02411230718810128,
            0.012248038937192571,
            0.004733529785258836,
            -0.01148313840315721,
            0.0275180762709026,
            0.030815374016915593,
            0.006508567656223095,
            -0.07619358183285449,
            0.05363357304995816,
            -0.0435488215965923,
            0.031463734940183535,
            0.07582054929689114,
            -0.0012184185494206997,
            -0.028023173667185174,
            -0.021533261189287646,
            -0.016299019971075614,
            -0.00707751875086166,
            -0.005599940489971359,
            0.019648402906282836
        ],
        "covariance_matrix": [
            [
                0.0005899445771039318,
                -0.0008606206928817964,
                -3.754673140168088e-05,
                -0.0001741490415035058,
                -0.00013145579614185185,
                0.00038797603591736,
                0.0016176474136906822,
                -0.001185211518383949,
                0.0009041891798428702,
                0.0015569469433228168,
                -0.00019223753792339633,
                0.0040255236642930325,
                0.0031791291114987887,
                0.0019483411948195987,
                0.0005554085890044441,
                0.0015402562063390338,
                0.0031209277426786503,
                -7.963975935465336e-05,
                -0.00025289605829841217,
                0.0023710488341748934,
                -0.00014231523780033979,
                -0.00011228377869466533,
                -0.0008594838098539428,
                0.0006862858033348728,
                0.0008271447135308348,
                -0.0005740215918392441,
                0.0014141191368887219,
                0.000483539191082986,
                0.0009447391597614051,
                -0.0003809192994147831
            ],
            [
                -0.0008606206928817964,
                0.001626208232173184,
                0.00011901057238302379,
                0.00022261672791442597,
                1.2198571270594763e-05,
                -4.6502222792812624e-05,
                -0.00011688225801712707,
                0.0008429444455445228,
                -0.0007347606890842342,
                -0.0009058807487447858,
                0.000248216443813549,
                -0.0012494885151639054,
                0.000798959113659482,
                -0.00016799149579856004,
                0.0005901016731998356,
                -0.001665165468189104,
                -0.004005769529864709,
                1.068625418430187e-05,
                -0.0008627114797680171,
                0.0006023305976053824,
                0.0003750709624619531,
                0.0005404130681241893,
                0.0005003365247208129,
                -0.0009586756292521802,
                -0.0005651495322847611,
                0.001325742509024284,
                -0.0023179602398854353,
                -0.0010843934506530996,
                -0.0003898038823921106,
                -2.790840165045128e-05
            ],
            [
                -3.754673140168088e-05,
                0.00011901057238302379,
                0.00012035752509652521,
                3.29603902418281e-06,
                -2.458940106760037e-05,
                6.920212056669365e-05,
                0.00038236617641567854,
                3.602819883983645e-05,
                -0.00019564554906489846,
                -5.580095764152195e-05,
                -2.996267865147094e-06,
                -0.00019204905497086365,
                0.00010253961457034832,
                0.0001930086770771593,
                0.00013672949230385305,
                -0.00014147167870514864,
                -0.0004013806085216449,
                -7.047227877014463e-06,
                -7.846385834880915e-05,
                6.974091753174915e-05,
                -0.00012141689088555572,
                3.177323838583441e-05,
                3.966212673206227e-05,
                -0.00010123834851657818,
                3.965372951375362e-06,
                0.0001263367496823021,
                -0.0002055825299744571,
                -0.00012340697681343423,
                0.00018887142532621705,
                -8.488143519392948e-05
            ],
            [
                -0.0001741490415035058,
                0.00022261672791442597,
                3.29603902418281e-06,
                1.2965363103760221,
                9.151633772065816e-05,
                -0.00032546657423026984,
                -0.0005772144658032277,
                0.0006409516407690591,
                -0.00027389226046273544,
                -0.00040118893814340456,
                -0.0008447750720811847,
                -0.0007468733520475431,
                -0.0004759189450202655,
                -0.0004728642454264056,
                -5.9556159737016024e-05,
                -0.00038855886936834674,
                -0.0007639981147596144,
                -0.0009156184453491306,
                -0.0003871496494801555,
                0.00011700198182114886,
                0.00011691045602593829,
                0.0002974410342737125,
                0.0005235966158284691,
                -0.0003038934756181943,
                -0.0006169106728751562,
                0.00043236151645750895,
                -0.0005414410143917528,
                1.193971379667616e-05,
                -0.0009760590693486428,
                -0.0005696917965880761
            ],
            [
                -0.00013145579614185185,
                1.2198571270594763e-05,
                -2.458940106760037e-05,
                9.151633772065816e-05,
                0.000416797593977462,
                -0.00046107534369073215,
                -0.0012424874053463435,
                0.0023392633206731086,
                -0.0007579564149128861,
                -0.0017537254688809274,
                6.900300796509094e-05,
                -0.005382889525159648,
                -0.0038334510243829656,
                -0.002130875862384841,
                -6.855876254956477e-05,
                -0.001736009062900371,
                -0.004994303609250056,
                0.00014863097135741553,
                0.001067984880027307,
                -0.0036469560152657507,
                -0.0001059455231760462,
                0.00027590182452394066,
                0.0005651676870896158,
                0.0005093276343955717,
                -0.0010320387097689041,
                0.00036924523883002827,
                -0.0004985974226386141,
                -0.00032003465480677246,
                -0.0003254504059403493,
                0.00015770340589119964
            ],
            [
                0.00038797603591736,
                -4.6502222792812624e-05,
                6.920212056669365e-05,
                -0.00032546657423026984,
                -0.00046107534369073215,
                0.0050155817123968055,
                0.005204254758811584,
                -0.0033869528299355764,
                0.002987786018734848,
                0.003839908207187931,
                -0.00029522471071825033,
                0.012529348574357108,
                0.0031916298787190915,
                0.005468693592039187,
                -0.0002400621382451656,
                0.00866979255910211,
                0.019212254904269185,
                -0.00033372924151021,
                -0.0016324898761096369,
                0.007482145332267935,
                -0.0005306567604453161,
                -0.00028640362778669764,
                -0.0012811066663720053,
                0.00023698806044750604,
                0.001066623965543397,
                -0.00027204020543738014,
                0.002140897099469288,
                -0.0012088332837818223,
                0.0023262658617268423,
                -0.001608584677755671
            ],
            [
                0.0016176474136906822,
                -0.00011688225801712707,
                0.00038236617641567854,
                -0.0005772144658032277,
                -0.0012424874053463435,
                0.005204254758811584,
                0.02548536170015988,
                -0.006223194012072821,
                0.004159642154912246,
                0.010077887140343848,
                -0.0006166099791986412,
                0.03164806065211855,
                0.029631250555780548,
                0.023043756952804487,
                0.009843031631279779,
                0.01121010411590397,
                0.016999432880325505,
                -0.0002968199717920888,
                -0.007014590869340952,
                0.029484283165471383,
                -0.0036881885834452494,
                -0.001271781588181806,
                -0.005989198326534484,
                0.0023645715865438584,
                0.0028900413070007003,
                0.002200560564556848,
                0.002763282454505573,
                -0.0024664720769361553,
                0.012322649286017362,
                -0.0052140779042221
            ],
            [
                -0.001185211518383949,
                0.0008429444455445228,
                3.602819883983645e-05,
                0.0006409516407690591,
                0.0023392633206731086,
                -0.0033869528299355764,
                -0.006223194012072821,
                0.029233276582961334,
                -0.022907933800484323,
                -0.02168856898519715,
                0.0005649034788602595,
                -0.07299569797708831,
                -0.010308335046115006,
                -0.01651389322132491,
                0.010458114726409829,
                -0.04611470899801069,
                -0.12004815992798731,
                0.0012802036390497996,
                0.011312645563728354,
                -0.036842496402991434,
                -0.006544258228564916,
                0.0012888913404844914,
                0.007960233318581787,
                -0.0011857683193734212,
                -0.006434410359008912,
                0.0052934993471006634,
                -0.012285378346022396,
                0.00026426007007538315,
                0.000594889453198748,
                0.00047160794918386077
            ],
            [
                0.0009041891798428702,
                -0.0007347606890842342,
                -0.00019564554906489846,
                -0.00027389226046273544,
                -0.0007579564149128861,
                0.002987786018734848,
                0.004159642154912246,
                -0.022907933800484323,
                0.03514720028905421,
                0.028734293284346346,
                1.4790580440277737e-05,
                0.1037248634659469,
                0.05730256929174454,
                0.026339064048880135,
                0.0031930453660761987,
                0.04381449632840261,
                0.10027673591709048,
                -0.0019892435422925545,
                -0.0177696340031932,
                0.06983382664656534,
                0.016115651679075874,
                -0.002393296576581542,
                -0.011649603053779415,
                0.0065690616443017935,
                0.0009891499969277478,
                -0.00046146945489690746,
                0.011876849935437953,
                -0.000779891162625178,
                -0.0028884351120615397,
                -0.002291794048978058
            ],
            [
                0.0015569469433228168,
                -0.0009058807487447858,
                -5.580095764152195e-05,
                -0.00040118893814340456,
                -0.0017537254688809274,
                0.003839908207187931,
                0.010077887140343848,
                -0.02168856898519715,
                0.028734293284346346,
                0.038929275956956194,
                -0.00018635936767256734,
                0.10753879099980909,
                0.09869076336017686,
                0.035941975605421374,
                0.016594069937948368,
                0.02534940386385093,
                0.05385220690509119,
                -0.00164128508227452,
                -0.023530914428122773,
                0.08605702791653565,
                0.015939079365412515,
                -0.003429600503241497,
                -0.01515136490669971,
                0.007255700227082873,
                0.006698536857965895,
                -0.0009647839978798483,
                0.010707238478572648,
                0.004355337716008318,
                -0.0024106270239554273,
                -0.001342306689130264
            ],
            [
                -0.00019223753792339633,
                0.000248216443813549,
                -2.996267865147094e-06,
                -0.0008447750720811847,
                6.900300796509094e-05,
                -0.00029522471071825033,
                -0.0006166099791986412,
                0.0005649034788602595,
                1.4790580440277737e-05,
                -0.00018635936767256734,
                1.2967981531597323,
                0.00042081053372257485,
                -0.0008005340698224076,
                -0.0005803628171874123,
                6.677960778565829e-05,
                -0.0005967998413500114,
                -0.0010258130232731217,
                -0.0007339635052367875,
                -0.0002669173460993694,
                -0.0004498027183750121,
                0.00032295411713828933,
                -0.0005674067959397072,
                6.480335444711197e-05,
                -0.0005250104710313736,
                -0.0008848482964712224,
                0.0002863566182087709,
                -0.0007635046798849188,
                -0.00016483452987128396,
                -0.0006739714245231523,
                -0.00024157037381696177
            ],
            [
                0.0040255236642930325,
                -0.0012494885151639054,
                -0.00019204905497086365,
                -0.0007468733520475431,
                -0.005382889525159648,
                0.012529348574357108,
                0.03164806065211855,
                -0.07299569797708831,
                0.1037248634659469,
                0.10753879099980909,
                0.00042081053372257485,
                0.3944106706543629,
                0.2915348817565905,
                0.12133594779532036,
                0.03622117567485296,
                0.12050036087172013,
                0.2705366616429008,
                -0.005452712204664099,
                -0.07786066386613395,
                0.29389230370628194,
                0.05611707740519799,
                -0.008225300531337165,
                -0.041671224409757256,
                0.013033648260790483,
                0.005912037449713598,
                0.013351607932286184,
                0.026873409841072157,
                0.0006386786562844365,
                0.01082435102177817,
                -0.009921162917009953
            ],
            [
                0.0031791291114987887,
                0.000798959113659482,
                0.00010253961457034832,
                -0.0004759189450202655,
                -0.0038334510243829656,
                0.0031916298787190915,
                0.029631250555780548,
                -0.010308335046115006,
                0.05730256929174454,
                0.09869076336017686,
                -0.0008005340698224076,
                0.2915348817565905,
                0.5804862275610555,
                0.14017485195909596,
                0.1467929464092873,
                -0.09228010819008005,
                -0.3017633382712427,
                -0.0066606141118863834,
                -0.08289258526392605,
                0.35533641547668415,
                0.06526435980281951,
                -0.006851515984367267,
                -0.04186581638961942,
                0.014425429536113782,
                0.01599058235788148,
                0.030938809307449557,
                -0.01498398674429307,
                0.02584251431867675,
                0.0043126680287210095,
                -0.00892649898808737
            ],
            [
                0.0019483411948195987,
                -0.00016799149579856004,
                0.0001930086770771593,
                -0.0004728642454264056,
                -0.002130875862384841,
                0.005468693592039187,
                0.023043756952804487,
                -0.01651389322132491,
                0.026339064048880135,
                0.035941975605421374,
                -0.0005803628171874123,
                0.12133594779532036,
                0.14017485195909596,
                0.05146304540750079,
                0.030540927348515864,
                0.014071135737007846,
                0.01608707104210887,
                -0.002789834209538386,
                -0.02778118037717525,
                0.11355120026266731,
                0.01633937384131557,
                -0.004252069679978054,
                -0.01531446729132784,
                0.0042761164158129725,
                0.003758966055756742,
                0.007893485991157726,
                0.003919447274710259,
                0.002508032083074952,
                0.009643904220188368,
                -0.005729986840152904
            ],
            [
                0.0005554085890044441,
                0.0005901016731998356,
                0.00013672949230385305,
                -5.9556159737016024e-05,
                -6.855876254956477e-05,
                -0.0002400621382451656,
                0.009843031631279779,
                0.010458114726409829,
                0.0031930453660761987,
                0.016594069937948368,
                6.677960778565829e-05,
                0.03622117567485296,
                0.1467929464092873,
                0.030540927348515864,
                0.04799422771018708,
                -0.05111662896127405,
                -0.14374468442202631,
                -0.0004896352804314366,
                -0.01283499185029384,
                0.07459362833908444,
                0.011755951241804688,
                -0.0016199915172813793,
                -0.008460591894278266,
                0.0047449809068258715,
                0.0033468711251643172,
                0.008138641677753246,
                -0.008324474496527132,
                0.007764595610799872,
                0.0009448262892261048,
                -0.002188517550790198
            ],
            [
                0.0015402562063390338,
                -0.001665165468189104,
                -0.00014147167870514864,
                -0.00038855886936834674,
                -0.001736009062900371,
                0.00866979255910211,
                0.01121010411590397,
                -0.04611470899801069,
                0.04381449632840261,
                0.02534940386385093,
                -0.0005967998413500114,
                0.12050036087172013,
                -0.09228010819008005,
                0.014071135737007846,
                -0.05111662896127405,
                0.1366441818349917,
                0.34319783670719356,
                -0.002239868891080496,
                -0.015377430406589265,
                0.02782662462610465,
                0.005116086206548097,
                -0.006073395453594639,
                -0.010190429654305092,
                0.000834058957814012,
                -0.002252206527008148,
                -0.00893587595982133,
                0.029216925913256798,
                -0.01185313549502241,
                0.003694807984753081,
                -0.0038615259075178475
            ],
            [
                0.0031209277426786503,
                -0.004005769529864709,
                -0.0004013806085216449,
                -0.0007639981147596144,
                -0.004994303609250056,
                0.019212254904269185,
                0.016999432880325505,
                -0.12004815992798731,
                0.10027673591709048,
                0.05385220690509119,
                -0.0010258130232731217,
                0.2705366616429008,
                -0.3017633382712427,
                0.01608707104210887,
                -0.14374468442202631,
                0.34319783670719356,
                0.9186530045151002,
                -0.003004073302956909,
                -0.02547564933035421,
                0.0366421585149395,
                0.010033000048021287,
                -0.00704837366936864,
                -0.01919330244147663,
                -0.007716888828034868,
                -0.0048993372987794475,
                -0.020097166943074066,
                0.06826174602016861,
                -0.033610128183316205,
                0.013600302669971894,
                -0.008095550234659134
            ],
            [
                -7.963975935465336e-05,
                1.068625418430187e-05,
                -7.047227877014463e-06,
                -0.0009156184453491306,
                0.00014863097135741553,
                -0.00033372924151021,
                -0.0002968199717920888,
                0.0012802036390497996,
                -0.0019892435422925545,
                -0.00164128508227452,
                -0.0007339635052367875,
                -0.005452712204664099,
                -0.0066606141118863834,
                -0.002789834209538386,
                -0.0004896352804314366,
                -0.002239868891080496,
                -0.003004073302956909,
                1.2930970380559341,
                0.0094811649716672,
                0.01757054476379004,
                0.00018264003682816408,
                0.0203150330995352,
                0.012720788969374995,
                0.007165311037506889,
                -0.0005990731164598409,
                0.002108912880389728,
                0.0038671173560913953,
                -0.00890378800955297,
                0.007232807489624487,
                -0.007219251292118575
            ],
            [
                -0.00025289605829841217,
                -0.0008627114797680171,
                -7.846385834880915e-05,
                -0.0003871496494801555,
                0.001067984880027307,
                -0.0016324898761096369,
                -0.007014590869340952,
                0.011312645563728354,
                -0.0177696340031932,
                -0.023530914428122773,
                -0.0002669173460993694,
                -0.07786066386613395,
                -0.08289258526392605,
                -0.02778118037717525,
                -0.01283499185029384,
                -0.015377430406589265,
                -0.02547564933035421,
                0.0094811649716672,
                0.033478370977140966,
                -0.08186223195358913,
                -0.01621104073365623,
                -0.001937335604583339,
                0.01103935970213332,
                0.00219657660332041,
                -0.002361436423576371,
                -0.013281380001166194,
                0.004013919490086167,
                -0.0002872716449146132,
                -0.012081232208552646,
                -0.004282946519936979
            ],
            [
                0.0023710488341748934,
                0.0006023305976053824,
                6.974091753174915e-05,
                0.00011700198182114886,
                -0.0036469560152657507,
                0.007482145332267935,
                0.029484283165471383,
                -0.036842496402991434,
                0.06983382664656534,
                0.08605702791653565,
                -0.0004498027183750121,
                0.29389230370628194,
                0.35533641547668415,
                0.11355120026266731,
                0.07459362833908444,
                0.02782662462610465,
                0.0366421585149395,
                0.01757054476379004,
                -0.08186223195358913,
                0.3527973559062928,
                0.06659349592144935,
                -0.01921887198402413,
                -0.04740268218998094,
                -0.008783222017976799,
                0.001575367664550618,
                0.0255302819393878,
                0.0044069460837574325,
                0.01723707352261031,
                0.00838207834470121,
                -0.009247474056188748
            ],
            [
                -0.00014231523780033979,
                0.0003750709624619531,
                -0.00012141689088555572,
                0.00011691045602593829,
                -0.0001059455231760462,
                -0.0005306567604453161,
                -0.0036881885834452494,
                -0.006544258228564916,
                0.016115651679075874,
                0.015939079365412515,
                0.00032295411713828933,
                0.05611707740519799,
                0.06526435980281951,
                0.01633937384131557,
                0.011755951241804688,
                0.005116086206548097,
                0.010033000048021287,
                0.00018264003682816408,
                -0.01621104073365623,
                0.06659349592144935,
                0.02482800403547946,
                0.001497864529745923,
                -0.009554814801153702,
                0.0010794330296088116,
                -0.0005731483936548925,
                0.003809571273028172,
                -0.0003531435870781301,
                0.0021694678487258687,
                -0.005793818842040344,
                -0.007766792702001923
            ],
            [
                -0.00011228377869466533,
                0.0005404130681241893,
                3.177323838583441e-05,
                0.0002974410342737125,
                0.00027590182452394066,
                -0.00028640362778669764,
                -0.001271781588181806,
                0.0012888913404844914,
                -0.002393296576581542,
                -0.003429600503241497,
                -0.0005674067959397072,
                -0.008225300531337165,
                -0.006851515984367267,
                -0.004252069679978054,
                -0.0016199915172813793,
                -0.006073395453594639,
                -0.00704837366936864,
                0.0203150330995352,
                -0.001937335604583339,
                -0.01921887198402413,
                0.001497864529745923,
                0.05271639924167595,
                0.002290111036337576,
                0.011815182583662005,
                0.011764463430357273,
                0.02714899775853028,
                -0.019109906980077456,
                -0.025699598354074357,
                0.011343627928392015,
                -0.051505431294594346
            ],
            [
                -0.0008594838098539428,
                0.0005003365247208129,
                3.966212673206227e-05,
                0.0005235966158284691,
                0.0005651676870896158,
                -0.0012811066663720053,
                -0.005989198326534484,
                0.007960233318581787,
                -0.011649603053779415,
                -0.01515136490669971,
                6.480335444711197e-05,
                -0.041671224409757256,
                -0.04186581638961942,
                -0.01531446729132784,
                -0.008460591894278266,
                -0.010190429654305092,
                -0.01919330244147663,
                0.012720788969374995,
                0.01103935970213332,
                -0.04740268218998094,
                -0.009554814801153702,
                0.002290111036337576,
                0.026274045156893047,
                -0.016303623176514775,
                -0.006458720777203304,
                0.012501409941164589,
                -0.01577656727481549,
                -0.010347908581473282,
                -0.0021517536027231463,
                -0.023600548649557872
            ],
            [
                0.0006862858033348728,
                -0.0009586756292521802,
                -0.00010123834851657818,
                -0.0003038934756181943,
                0.0005093276343955717,
                0.00023698806044750604,
                0.0023645715865438584,
                -0.0011857683193734212,
                0.0065690616443017935,
                0.007255700227082873,
                -0.0005250104710313736,
                0.013033648260790483,
                0.014425429536113782,
                0.0042761164158129725,
                0.0047449809068258715,
                0.000834058957814012,
                -0.007716888828034868,
                0.007165311037506889,
                0.00219657660332041,
                -0.008783222017976799,
                0.0010794330296088116,
                0.011815182583662005,
                -0.016303623176514775,
                0.043852150085570904,
                -0.0036003877185396423,
                -0.01477313682885608,
                0.01818973811206256,
                0.0006845346677226143,
                -0.010882568720239483,
                -0.004206526898921268
            ],
            [
                0.0008271447135308348,
                -0.0005651495322847611,
                3.965372951375362e-06,
                -0.0006169106728751562,
                -0.0010320387097689041,
                0.001066623965543397,
                0.0028900413070007003,
                -0.006434410359008912,
                0.0009891499969277478,
                0.006698536857965895,
                -0.0008848482964712224,
                0.005912037449713598,
                0.01599058235788148,
                0.003758966055756742,
                0.0033468711251643172,
                -0.002252206527008148,
